Hornpipe
4/4
8 2
110 1.40
90 0.60

Hornpipe
C|
8 2
110 1.40
90 0.60

Hornpipe
2/4
8 2
110 1.40
90 0.60

Hornpipe
9/4
9 3
110 1.40
80 0.60
100 1.00

Hornpipe
3/2
12 2
110 1.40
90 0.60

Hornpipe
12/8
12 3
110 1.40
80 0.60
100 1.00

Double hornpipe
6/2
12 6
110 1.20
80 0.90
80 0.90
105 1.20
80 0.90
80 0.90

Reel
4/4
8 2
120 1.10
60 0.90

Reel
C|
8 8
80 1.10
60 0.90
120 1.10
60 0.90
80 1.10
60 0.90
120 1.10
60 0.90

Reel
2/4
8 2
120 1.10
60 0.90

Slip Jig
9/8
9 3
110 1.40
70 0.50
80 1.10

Double Jig
6/8
6 3
110 1.20
70 0.70
80 1.10

Single Jig
6/8
6 3
110 1.20
80 0.70
90 1.10

Slide
6/8
6 3
110 1.30
80 0.80
90 0.90

Jig
6/8
6 3
110 1.20
80 0.70
90 1.10

Ragtime
12/8
12 3
110 1.40
70 0.60
90 1.00

Strathspey
C
8 2
120 1.00
80 1.00

Fling
C
8 2
110 1.40
90 0.60

Set Dance
4/4
8 2
110 1.40
90 0.60

Set Dance
C|
8 2
110 1.40
90 0.60

Waltz
3/4
3 3
110 1.04
70 0.98
70 0.98

Slow March
C|
8 3
115 1.10
85 0.90
100 1.10

Slow March
C
8 3
115 1.10
85 0.90
100 1.10

March
C|
8 2
115 1.10
85 0.90

March
C
8 4
115 1.10
85 0.90
100 1.10
85 0.90

March
6/8
6 3
110 1.10
70 0.95
80 0.95

March
2/4
8 2
115 1.10
85 0.90

Polka k1
3/4
3 3
90 0.75
110 1.25
100 1.00

Polka
4/4
8 2
110 1.40
90 0.60

saucy
3/4
6 6
115 1.20
85 0.80
120 1.30
85 0.70
115 1.10
85 0.90

Slip jig
3/4
9 3
110 1.30
80 0.70
100 1.00

Tango
2/4
8 4
110 1.60
90 0.80
90 0.80
100 0.80

